findfont: Failed to find font weight semibold for DejaVu Sans, now using 700.
findfont: Failed to find font weight semibold for DejaVu Sans, now using 700.
      controller     k    n  pos_err  th_err  stage_cost  disc_cost  p_coll  coll_steps  p_coll_seg  min_clear_seg_med  p_coll_chord  p_pen2cm  p_pen5cm  min_clear_med  min_clear_p05  corridor_frac  ctrl_ms    oob  solver_fail_rate  plan_slack_rate
0            CEC  0.00    1   0.0474  0.0877      0.1711     6.8569   0.000       0.000       1.000            -0.0175         1.000     0.000     0.000         0.0000         0.0000          1.000   8.1098  0.000               0.0           0.0000
1            CEC  0.25  200   0.0564  0.1002      0.1760     6.9365   1.000       8.165       1.000            -0.0306         1.000     0.300     0.000        -0.0173        -0.0279          1.000   7.2524  0.000               0.0           0.0000
2            CEC  0.50  200   0.0686  0.1183      0.1899     7.1847   1.000       8.340       1.000            -0.0431         1.000     0.940     0.115        -0.0344        -0.0559          1.000   7.2296  0.000               0.0           0.0007
3            CEC  1.00  200   0.0956  0.1540      0.2423     8.1063   1.000      10.240       1.000            -0.0809         1.000     1.000     0.860        -0.0705        -0.1136          1.000   7.7764  0.000               0.0           0.0028
4            CEC  2.00  200   0.1583  0.2208      0.4713    12.1373   1.000      17.060       1.000            -0.1755         1.000     1.000     1.000        -0.1582        -0.2391          1.014   7.8947  0.000               0.0           0.0123
5            GPI  0.00    1   0.0653  0.1024      0.2349     8.1150   0.000       0.000       0.000             0.0076         0.000     0.000     0.000         0.0352         0.0352          1.000   1.7189  0.000               NaN              NaN
6            GPI  0.25  200   0.0713  0.1165      0.2463     8.4563   0.000       0.000       0.295             0.0032         0.475     0.000     0.000         0.0209         0.0097          1.000   1.7553  0.000               NaN              NaN
7            GPI  0.50  200   0.0986  0.1383      0.3678    11.2277   0.055       0.055       0.685            -0.0055         0.465     0.010     0.000         0.0207        -0.0007          1.000   1.7720  0.000               NaN              NaN
8            GPI  1.00  200   0.2795  0.2833      3.1569    70.6401   0.370       0.440       0.775            -0.0166         0.725     0.155     0.050         0.0064        -0.0469          0.400   1.7009  0.000               NaN              NaN
9            GPI  2.00  200   0.5004  0.4284      6.5148   101.6027   0.220       0.255       0.290             0.0241         0.240     0.120     0.055         0.0338        -0.0512          0.000   1.7522  0.000               NaN              NaN
10  GPI-detmodel  0.00    1   0.0653  0.1024      0.2349     8.1150   0.000       0.000       0.000             0.0076         0.000     0.000     0.000         0.0352         0.0352          1.000   1.4966  0.000               NaN              NaN
11  GPI-detmodel  0.25  200   0.0706  0.1177      0.2395     8.2686   0.005       0.005       0.300             0.0043         0.440     0.000     0.000         0.0222         0.0097          1.000   1.3760  0.000               NaN              NaN
12  GPI-detmodel  0.50  200   0.0807  0.1354      0.2534     8.4832   0.360       0.400       0.880            -0.0120         0.895     0.050     0.000         0.0039        -0.0199          1.000   1.3833  0.000               NaN              NaN
13  GPI-detmodel  1.00  200   0.1071  0.1673      0.3118     9.4562   0.985       3.805       1.000            -0.0503         1.000     0.805     0.270        -0.0368        -0.0770          1.000   1.4168  0.000               NaN              NaN
14  GPI-detmodel  2.00  200   0.1733  0.2345      0.6535    15.5913   1.000      11.925       1.000            -0.1475         1.000     1.000     1.000        -0.1372        -0.2759          0.995   1.3744  0.000               NaN              NaN
15    GPI-lookup  0.00    1   0.0846  0.1317      0.2681     8.5758   0.000       0.000       1.000            -0.0104         1.000     0.000     0.000         0.0081         0.0081          1.000   0.2730  0.000               NaN              NaN
16    GPI-lookup  0.25  200   0.0875  0.1320      0.2753     8.8165   0.920       2.525       0.995            -0.0301         0.985     0.485     0.030        -0.0197        -0.0464          1.000   0.2268  0.000               NaN              NaN
17    GPI-lookup  0.50  200   0.1138  0.1540      0.4413    12.3244   0.700       1.155       0.980            -0.0369         0.970     0.275     0.025        -0.0096        -0.0415          1.000   0.1890  0.000               NaN              NaN
18    GPI-lookup  1.00  200   0.3013  0.2996      3.5060    77.0648   0.700       1.085       0.965            -0.0359         0.895     0.450     0.170        -0.0158        -0.0831          0.400   0.2109  0.000               NaN              NaN
19    GPI-lookup  2.00  200   0.5367  0.4420      7.3269   111.3060   0.615       1.005       0.740            -0.0282         0.675     0.465     0.270        -0.0133        -0.1127          0.000   0.2201  0.000               NaN              NaN
20           RBF  0.00    1   0.3900  0.2160      1.9810    46.8803   0.000       0.000       1.000            -0.0045         1.000     0.000     0.000         0.0181         0.0181          1.000   2.1635  0.000               NaN              NaN
21           RBF  0.25  200   0.3874  0.2188      1.9553    46.9402   0.100       0.100       0.945            -0.0150         0.860     0.000     0.000         0.0114        -0.0031          1.000   6.7303  0.000               NaN              NaN
22           RBF  0.50  200   0.3917  0.2221      2.0178    47.9263   0.410       0.505       0.980            -0.0279         0.905     0.070     0.000         0.0038        -0.0213          1.000   6.7749  0.000               NaN              NaN
23           RBF  1.00  200   0.4106  0.2370      2.2953    52.3219   0.935       2.065       1.000            -0.0565         1.000     0.625     0.275        -0.0280        -0.1131          1.000   6.6986  0.000               NaN              NaN
24           RBF  2.00  200   0.6377  0.3515      7.3825   102.1889   1.000       8.310       1.000            -0.3513         1.000     1.000     0.985        -0.3400        -0.6029          0.905   6.4414  0.000               NaN              NaN
25        RBF-LS  0.00    1   2.0403  0.9541     68.4209   880.7192   0.000       0.000       0.000             0.0210         0.000     0.000     0.000         0.0225         0.0225          0.400   1.9133  1.000               NaN              NaN
26        RBF-LS  0.25  200   2.1020  0.9150     69.3374   874.5025   0.045       0.045       0.265             0.0070         0.290     0.000     0.000         0.0128         0.0002          0.332   6.3449  0.945               NaN              NaN
27        RBF-LS  0.50  200   2.2158  0.7340     65.1223   751.2911   0.055       0.055       0.155             0.0579         0.220     0.000     0.000         0.0597        -0.0001          0.082   6.3726  0.265               NaN              NaN
28        RBF-LS  1.00  200   2.2276  0.8117     66.0712   736.3075   0.020       0.020       0.030             0.0716         0.030     0.010     0.000         0.0739         0.0155          0.000   6.1592  0.330               NaN              NaN
29        RBF-LS  2.00  200   2.3374  1.0299     77.3747   782.1441   0.060       0.085       0.065             0.0994         0.060     0.035     0.015         0.0994        -0.0084          0.000   6.2453  0.865               NaN              NaN
       k    a             b  mean_pos_err_diff  mean_pos_err_p  disc_cost_diff  disc_cost_p  mean_stage_cost_diff  mean_stage_cost_p  min_clearance_diff  min_clearance_p  coll_p  coll_only_b  coll_only_a
0   0.25  CEC           GPI            -0.0149             0.0         -1.5198       0.0000               -0.0702             0.0000             -0.0380           0.0000  0.0000            0          200
1   0.25  GPI           RBF            -0.3161             0.0        -38.4839       0.0000               -1.7091             0.0000              0.0101           0.0000  0.0000           20            0
2   0.25  GPI  GPI-detmodel             0.0007             0.0          0.1876       0.0000                0.0067             0.0000             -0.0012           0.0068  1.0000            1            0
3   0.25  GPI    GPI-lookup            -0.0162             0.0         -0.3603       0.0000               -0.0290             0.0000              0.0407           0.0000  0.0000          184            0
4   0.25  CEC           RBF            -0.3310             0.0        -40.0037       0.0000               -1.7793             0.0000             -0.0279           0.0000  0.0000            0          180
5   0.25  GPI        RBF-LS            -2.0307             0.0       -866.0462       0.0000              -69.0912             0.0000              0.0073           0.0000  0.0039            9            0
6   0.25  RBF        RBF-LS            -1.7146             0.0       -827.5623       0.0000              -67.3821             0.0000             -0.0028           0.0024  0.0614            9           20
7   0.50  CEC           GPI            -0.0300             0.0         -4.0430       0.0000               -0.1779             0.0000             -0.0552           0.0000  0.0000            0          189
8   0.50  GPI           RBF            -0.2931             0.0        -36.6986       0.0000               -1.6500             0.0000              0.0181           0.0000  0.0000           74            3
9   0.50  GPI  GPI-detmodel             0.0179             0.0          2.7445       0.0000                0.1144             0.0000              0.0172           0.0000  0.0000           65            4
10  0.50  GPI    GPI-lookup            -0.0152             0.0         -1.0967       0.0000               -0.0735             0.0000              0.0302           0.0000  0.0000          130            1
11  0.50  CEC           RBF            -0.3231             0.0        -40.7416       0.0000               -1.8279             0.0000             -0.0371           0.0000  0.0000            0          118
12  0.50  GPI        RBF-LS            -2.1171             0.0       -740.0633       0.0000              -64.7545             0.0000             -0.0329           0.0000  1.0000           10           10
13  0.50  RBF        RBF-LS            -1.8240             0.0       -703.3647       0.0000              -63.1045             0.0000             -0.0510           0.0000  0.0000            9           80
14  1.00  CEC           GPI            -0.1838             0.0        -62.5338       0.0000               -2.9146             0.0000             -0.0766           0.0000  0.0000            0          126
15  1.00  GPI           RBF            -0.1311             0.0         18.3182       0.0000                0.8616             0.0000              0.0418           0.0000  0.0000          116            3
16  1.00  GPI  GPI-detmodel             0.1723             0.0         61.1839       0.0000                2.8451             0.0000              0.0418           0.0000  0.0000          123            0
17  1.00  GPI    GPI-lookup            -0.0218             0.0         -6.4247       0.0000               -0.3491             0.0000              0.0236           0.0000  0.0000           82           16
18  1.00  CEC           RBF            -0.3150             0.0        -44.2157       0.0000               -2.0530             0.0000             -0.0348           0.0000  0.0002            0           13
19  1.00  GPI        RBF-LS            -1.9482             0.0       -665.6674       0.0000              -62.9143             0.0000             -0.0665           0.0000  0.0000            3           73
20  1.00  RBF        RBF-LS            -1.8171             0.0       -683.9856       0.0000              -63.7759             0.0000             -0.1083           0.0000  0.0000            0          183
21  2.00  CEC           GPI            -0.3421             0.0        -89.4653       0.0000               -6.0435             0.0000             -0.1962           0.0000  0.0000            0          156
22  2.00  GPI           RBF            -0.1373             0.0         -0.5862       0.0047               -0.8677             0.0012              0.3639           0.0000  0.0000          156            0
23  2.00  GPI  GPI-detmodel             0.3271             0.0         86.0114       0.0000                5.8613             0.0000              0.1802           0.0000  0.0000          156            0
24  2.00  GPI    GPI-lookup            -0.0363             0.0         -9.7034       0.0000               -0.8121             0.0000              0.0507           0.0000  0.0000           92           13
25  2.00  CEC           RBF            -0.4794             0.0        -90.0515       0.0000               -6.9112             0.0000              0.1677           0.0000  1.0000            0            0
26  2.00  GPI        RBF-LS            -1.8370             0.0       -680.5414       0.0000              -70.8599             0.0000             -0.0472           0.0000  0.0000            9           41
27  2.00  RBF        RBF-LS            -1.6997             0.0       -679.9552       0.0000              -69.9922             0.0000             -0.4111           0.0000  0.0000            0          188
CEC collision onsets (onsets, plan said safe): {'0.25': (1057, 1057), '0.5': (1057, 1047), '1.0': (1267, 1239), '2.0': (1920, 1845)}
          controller    k    n  pos_err  th_err  stage_cost  disc_cost  p_coll  coll_steps  p_coll_seg  min_clear_seg_med  p_coll_chord  p_pen2cm  p_pen5cm  min_clear_med  min_clear_p05  corridor_frac  ctrl_ms  oob
0         GPI-coarse  1.0  200   0.1818  0.2174      0.8406    21.5186   0.790       1.415       0.985            -0.0389         0.965     0.410     0.105        -0.0155        -0.0622            1.0   1.6456  0.0
1  GPI-coarse-lookup  1.0  200   0.2243  0.2421      1.1769    25.9788   0.995       4.350       1.000            -0.1097         1.000     0.960     0.820        -0.0814        -0.1689            1.0   0.2059  0.0
2           GPI-fine  1.0  200   0.2789  0.2809      3.1790    70.2949   0.370       0.440       0.825            -0.0166         0.715     0.125     0.030         0.0061        -0.0388            0.4   1.8704  0.0
3    GPI-fine-lookup  1.0  200   0.2916  0.2879      3.4175    74.2147   0.545       0.745       0.900            -0.0246         0.815     0.290     0.055        -0.0024        -0.0520            0.4   0.1946  0.0
4         GPI-medium  1.0  200   0.2795  0.2833      3.1569    70.6401   0.370       0.440       0.775            -0.0166         0.725     0.155     0.050         0.0064        -0.0469            0.4   1.7432  0.0
5  GPI-medium-lookup  1.0  200   0.3013  0.2996      3.5060    77.0648   0.700       1.085       0.965            -0.0359         0.895     0.450     0.170        -0.0158        -0.0831            0.4   0.2177  0.0
      controller    k    n  pos_err  th_err  stage_cost  disc_cost  p_coll  coll_steps  p_coll_seg  min_clear_seg_med  p_coll_chord  p_pen2cm  p_pen5cm  min_clear_med  min_clear_p05  corridor_frac  ctrl_ms   oob
0  RBF-LS-smooth  1.0  200   1.8276  0.9799     62.3956   461.4216   0.725       1.115       0.945            -0.0331         0.935      0.41     0.090        -0.0148        -0.0545          0.594   2.8374  1.00
1     RBF-smooth  1.0  200   1.8576  0.7806     49.7518   776.7439   0.965       4.720       0.995            -0.1715         0.990      0.84     0.685        -0.1246        -0.6147          0.051   3.2578  0.27
{
 "grid_coarse_k1": {
  "name": "grid_coarse_k1",
  "n_states": 540000,
  "n_params": 540000,
  "offline_sec": 137.81726190261543,
  "peak_gpu_mb": 775.001953125,
  "iters": 20,
  "final_delta": 0.0361328125,
  "final_policy_changed": 2.9629629352712072e-05,
  "V_min_hist": 1402.2158203125
 },
 "grid_fine_k1": {
  "name": "grid_fine_k1",
  "n_states": 12150000,
  "n_params": 12150000,
  "offline_sec": 1827.1697393096983,
  "peak_gpu_mb": 1046.37744140625,
  "iters": 19,
  "final_delta": 0.04345703125,
  "final_policy_changed": 2.609053444757592e-05,
  "V_min_hist": 858.3226928710938
 },
 "grid_medium_k0": {
  "name": "grid_medium_k0",
  "n_states": 3364000,
  "n_params": 3364000,
  "offline_sec": 42.005644966848195,
  "peak_gpu_mb": 1391.73681640625,
  "iters": 20,
  "final_delta": 0.03662109375,
  "final_policy_changed": 1.7835909602581523e-05,
  "V_min_hist": 1001.081787109375
 },
 "grid_medium_k0_risk4cm": {
  "name": "grid_medium_k0_risk4cm",
  "n_states": 3364000,
  "n_params": 3364000,
  "offline_sec": 40.28027878515422,
  "peak_gpu_mb": 1391.73681640625,
  "iters": 19,
  "final_delta": 0.046875,
  "final_policy_changed": 2.5267538148909807e-05,
  "V_min_hist": 1107.783935546875
 },
 "grid_medium_k0p25": {
  "name": "grid_medium_k0p25",
  "n_states": 3364000,
  "n_params": 3364000,
  "offline_sec": 413.5449336990714,
  "peak_gpu_mb": 852.326171875,
  "iters": 20,
  "final_delta": 0.037109375,
  "final_policy_changed": 1.93222349480493e-05,
  "V_min_hist": 1002.6678466796875
 },
 "grid_medium_k0p5": {
  "name": "grid_medium_k0p5",
  "n_states": 3364000,
  "n_params": 3364000,
  "offline_sec": 513.5674084722996,
  "peak_gpu_mb": 852.326171875,
  "iters": 20,
  "final_delta": 0.033203125,
  "final_policy_changed": 1.724137837300077e-05,
  "V_min_hist": 1024.6131591796875
 },
 "grid_medium_k1": {
  "name": "grid_medium_k1",
  "n_states": 3364000,
  "n_params": 3364000,
  "offline_sec": 410.8699482604861,
  "peak_gpu_mb": 852.326171875,
  "iters": 19,
  "final_delta": 0.0400390625,
  "final_policy_changed": 2.437574221403338e-05,
  "V_min_hist": 1128.2484130859375
 },
 "grid_medium_k1_lam10": {
  "name": "grid_medium_k1_lam10",
  "n_states": 3364000,
  "n_params": 3364000,
  "offline_sec": 684.6827531149611,
  "peak_gpu_mb": 852.326171875,
  "iters": 16,
  "final_delta": 0.042236328125,
  "final_policy_changed": 1.2485136721807066e-05,
  "V_min_hist": 221.00929260253906
 },
 "grid_medium_k1_lam100": {
  "name": "grid_medium_k1_lam100",
  "n_states": 3364000,
  "n_params": 3364000,
  "offline_sec": 694.9268608568236,
  "peak_gpu_mb": 852.326171875,
  "iters": 17,
  "final_delta": 0.0445556640625,
  "final_policy_changed": 1.3079667041893117e-05,
  "V_min_hist": 326.9749450683594
 },
 "grid_medium_k1_lam10000": {
  "name": "grid_medium_k1_lam10000",
  "n_states": 3364000,
  "n_params": 3364000,
  "offline_sec": 649.7746000625193,
  "peak_gpu_mb": 852.326171875,
  "iters": 20,
  "final_delta": 0.0546875,
  "final_policy_changed": 5.112960934638977e-05,
  "V_min_hist": 8112.0693359375
 },
 "grid_medium_k1_risk1cm": {
  "name": "grid_medium_k1_risk1cm",
  "n_states": 3364000,
  "n_params": 3364000,
  "offline_sec": 192.65062782540917,
  "peak_gpu_mb": 852.326171875,
  "iters": 20,
  "final_delta": 0.03857421875,
  "final_policy_changed": 1.2485136721807066e-05,
  "V_min_hist": 1016.4461669921875
 },
 "grid_medium_k2": {
  "name": "grid_medium_k2",
  "n_states": 3364000,
  "n_params": 3364000,
  "offline_sec": 815.5341144297272,
  "peak_gpu_mb": 852.326171875,
  "iters": 20,
  "final_delta": 0.0390625,
  "final_policy_changed": 2.4078477508737706e-05,
  "V_min_hist": 1250.55078125
 },
 "rbf_medium_k0": {
  "name": "rbf_medium_k0",
  "n_states": 3364000,
  "n_params": 450000,
  "offline_sec": 41.98566264100373,
  "peak_gpu_mb": 1414.5458984375,
  "iters": 20,
  "final_delta": 0.1304931640625,
  "final_policy_changed": 4.369797898107208e-05,
  "V_min_hist": -917.429443359375
 },
 "rbf_medium_k0p25": {
  "name": "rbf_medium_k0p25",
  "n_states": 3364000,
  "n_params": 450000,
  "offline_sec": 415.5309418383986,
  "peak_gpu_mb": 877.08056640625,
  "iters": 20,
  "final_delta": 0.1241455078125,
  "final_policy_changed": 4.3103449570480734e-05,
  "V_min_hist": -881.389892578125
 },
 "rbf_medium_k0p5": {
  "name": "rbf_medium_k0p5",
  "n_states": 3364000,
  "n_params": 450000,
  "offline_sec": 525.275944034569,
  "peak_gpu_mb": 877.08056640625,
  "iters": 20,
  "final_delta": 0.1063232421875,
  "final_policy_changed": 3.923899930668995e-05,
  "V_min_hist": -748.1016235351562
 },
 "rbf_medium_k1": {
  "name": "rbf_medium_k1",
  "n_states": 3364000,
  "n_params": 450000,
  "offline_sec": 431.93968030437827,
  "peak_gpu_mb": 877.08056640625,
  "iters": 20,
  "final_delta": 0.0623779296875,
  "final_policy_changed": 1.9619499653344974e-05,
  "V_min_hist": -473.428466796875
 },
 "rbf_medium_k2": {
  "name": "rbf_medium_k2",
  "n_states": 3364000,
  "n_params": 450000,
  "offline_sec": 827.1166622349992,
  "peak_gpu_mb": 877.08056640625,
  "iters": 20,
  "final_delta": 0.032918453216552734,
  "final_policy_changed": 1.3079667041893117e-05,
  "V_min_hist": 96.03045654296875
 },
 "rbf_smooth_k1": {
  "name": "rbf_smooth_k1",
  "n_states": 3364000,
  "n_params": 70000,
  "offline_sec": 818.8015273725614,
  "peak_gpu_mb": 875.083984375,
  "iters": 20,
  "final_delta": 0.1361083984375,
  "final_policy_changed": 3.804994048550725e-05,
  "V_min_hist": -1903.586669921875
 },
 "rbfavg_medium_k0": {
  "name": "rbfavg_medium_k0",
  "n_states": 3364000,
  "n_params": 450000,
  "offline_sec": 82.22914600372314,
  "peak_gpu_mb": 1414.724609375,
  "iters": 18,
  "final_delta": 0.0283203125,
  "final_policy_changed": 2.4673008738318458e-05,
  "V_min_hist": 2314.22509765625
 },
 "rbfavg_medium_k0p25": {
  "name": "rbfavg_medium_k0p25",
  "n_states": 3364000,
  "n_params": 450000,
  "offline_sec": 695.7923170635477,
  "peak_gpu_mb": 877.4091796875,
  "iters": 17,
  "final_delta": 0.0498046875,
  "final_policy_changed": 2.645659878908191e-05,
  "V_min_hist": 2316.371826171875
 },
 "rbfavg_medium_k0p5": {
  "name": "rbfavg_medium_k0p5",
  "n_states": 3364000,
  "n_params": 450000,
  "offline_sec": 653.9835708234459,
  "peak_gpu_mb": 877.4091796875,
  "iters": 17,
  "final_delta": 0.041015625,
  "final_policy_changed": 2.437574221403338e-05,
  "V_min_hist": 2362.635009765625
 },
 "rbfavg_medium_k1": {
  "name": "rbfavg_medium_k1",
  "n_states": 3364000,
  "n_params": 450000,
  "offline_sec": 607.8139660032466,
  "peak_gpu_mb": 877.4091796875,
  "iters": 16,
  "final_delta": 0.044921875,
  "final_policy_changed": 2.437574221403338e-05,
  "V_min_hist": 2460.307861328125
 },
 "rbfavg_medium_k2": {
  "name": "rbfavg_medium_k2",
  "n_states": 3364000,
  "n_params": 450000,
  "offline_sec": 474.46337406896055,
  "peak_gpu_mb": 877.4091796875,
  "iters": 17,
  "final_delta": 0.0439453125,
  "final_policy_changed": 1.872770553745795e-05,
  "V_min_hist": 2507.583251953125
 },
 "rbfavg_smooth_k1": {
  "name": "rbfavg_smooth_k1",
  "n_states": 3364000,
  "n_params": 70000,
  "offline_sec": 420.2650933433324,
  "peak_gpu_mb": 875.1337890625,
  "iters": 20,
  "final_delta": 0.03076171875,
  "final_policy_changed": 7.72889397921972e-05,
  "V_min_hist": 2798.71630859375
 }
}
